% Created by PERFECT Benchmark Suite
% name: golden
% type: matrix
% rows: 6
% columns: 6
 3.528758708356800e+16 -4.377754406010904e+15 1.550704043882464e+16 -2.742605362607244e+15 2.294382000543300e+13 -2.361696989777210e+12
 -4.377754406010904e+15 5.888797196552408e+16 -2.742605362607244e+15 2.539436127959731e+16 -2.361696989777210e+12 3.760455740156720e+13
 1.550704043882464e+16 -2.742605362607244e+15 1.532288299207431e+16 -2.373588444128027e+15 1.320732967281317e+13 -1.242616456983868e+12
 -2.742605362607244e+15 2.539436127959731e+16 -2.373588444128027e+15 2.671409158121844e+16 -1.242616456983868e+12 2.276250785285893e+13
 2.294382000543300e+13 -2.361696989777210e+12 1.320732967281317e+13 -1.242616456983868e+12 2.021156059297954e+10 -8.000757726690933e+08
 -2.361696989777210e+12 3.760455740156720e+13 -1.242616456983868e+12 2.276250785285893e+13 -8.000757726690933e+08 3.301200342474844e+10
