% Created by PERFECT Benchmark Suite
% name: golden
% type: matrix
% rows: 6
% columns: 6
 4.957080882004166e+15 -6.856208636326511e+14 2.035453057008032e+15 -3.163870465880280e+14 6.402741583467928e+12 -7.418337737600867e+11
 -6.856208636326511e+14 8.412728469671612e+15 -3.163870465880280e+14 3.364016701024872e+15 -7.418337737600867e+11 1.068167654216830e+13
 2.035453057008032e+15 -3.163870465880280e+14 1.944171121860540e+15 -2.379913727370405e+14 3.436478157558812e+12 -2.524467599757299e+11
 -3.163870465880280e+14 3.364016701024872e+15 -2.379913727370405e+14 3.412530589005194e+15 -2.524467599757299e+11 6.025286841822867e+12
 6.402741583467928e+12 -7.418337737600867e+11 3.436478157558812e+12 -2.524467599757299e+11 1.101492328764471e+10 -4.745322955111999e+08
 -7.418337737600867e+11 1.068167654216830e+13 -2.524467599757299e+11 6.025286841822867e+12 -4.745322955111999e+08 1.836991131131339e+10
